# REW house curve -- DRC-120.blue, B&W Nautilus 801
# Harman / Olive in-room target shape: +5.0 dB low shelf
# (corner 120 Hz), flat mids, -1.0 dB/oct treble tilt above
# 1000 Hz. NO scoop. 0 dB reference at 200 Hz.
# The filter here is band-limited to ~225 Hz: this file delivers
# the bass shelf only; the tilt needs a separate high-shelf.
# Generated by housecurve.py. Load: EQ window -> House Curve.
10.000 4.999
10.292 4.998
10.593 4.998
10.902 4.998
11.221 4.998
11.548 4.998
11.886 4.997
12.233 4.997
12.590 4.997
12.958 4.996
13.336 4.996
13.726 4.996
14.127 4.995
14.540 4.995
14.964 4.994
15.401 4.994
15.851 4.993
16.314 4.992
16.791 4.992
17.281 4.991
17.786 4.990
18.306 4.989
18.840 4.988
19.391 4.986
19.957 4.985
20.540 4.984
21.140 4.982
21.757 4.980
22.393 4.978
23.047 4.976
23.720 4.974
24.413 4.971
25.126 4.968
25.860 4.965
26.615 4.961
27.393 4.957
28.193 4.953
29.016 4.948
29.864 4.943
30.736 4.938
31.634 4.931
32.558 4.925
33.509 4.917
34.488 4.909
35.495 4.900
36.532 4.890
37.599 4.879
38.698 4.867
39.828 4.854
40.991 4.840
42.189 4.824
43.421 4.807
44.689 4.788
45.995 4.768
47.338 4.745
48.721 4.721
50.144 4.694
51.609 4.665
53.116 4.634
54.668 4.599
56.264 4.562
57.908 4.521
59.599 4.477
61.340 4.430
63.132 4.378
64.976 4.323
66.874 4.263
68.827 4.199
70.838 4.130
72.907 4.056
75.037 3.978
77.228 3.894
79.484 3.805
81.806 3.711
84.195 3.612
86.655 3.507
89.186 3.398
91.791 3.283
94.472 3.164
97.232 3.040
100.072 2.913
102.995 2.781
106.003 2.647
109.100 2.510
112.287 2.370
115.566 2.230
118.942 2.088
122.416 1.946
125.992 1.805
129.672 1.665
133.460 1.526
137.358 1.390
141.371 1.257
145.500 1.127
149.750 1.001
154.124 0.879
158.626 0.761
163.259 0.649
168.028 0.541
172.936 0.438
177.988 0.341
183.187 0.249
188.538 0.162
194.045 0.080
199.713 0.004
205.546 -0.068
211.550 -0.135
217.730 -0.197
224.089 -0.256
230.635 -0.309
237.372 -0.359
244.305 -0.405
251.442 -0.448
258.786 -0.487
266.345 -0.524
274.125 -0.557
282.132 -0.588
290.373 -0.616
298.855 -0.641
307.584 -0.665
316.569 -0.687
325.816 -0.707
335.333 -0.725
345.128 -0.741
355.209 -0.756
365.584 -0.770
376.263 -0.783
387.254 -0.794
398.565 -0.805
410.207 -0.814
422.189 -0.823
434.521 -0.831
447.214 -0.838
460.277 -0.845
473.721 -0.851
487.558 -0.856
501.800 -0.861
516.457 -0.866
531.543 -0.870
547.069 -0.874
563.049 -0.877
579.496 -0.880
596.422 -0.883
613.844 -0.885
631.774 -0.888
650.228 -0.890
669.221 -0.892
688.769 -0.893
708.888 -0.895
729.594 -0.897
750.905 -0.898
772.839 -0.899
795.414 -0.900
818.647 -0.901
842.560 -0.902
867.171 -0.903
892.501 -0.904
918.571 -0.904
945.402 -0.905
973.017 -0.905
1001.438 -0.908
1030.690 -0.950
1060.796 -0.992
1091.782 -1.034
1123.673 -1.076
1156.495 -1.118
1190.276 -1.159
1225.044 -1.201
1260.827 -1.243
1297.655 -1.285
1335.560 -1.326
1374.571 -1.368
1414.722 -1.410
1456.046 -1.452
1498.576 -1.493
1542.349 -1.535
1587.401 -1.576
1633.769 -1.618
1681.491 -1.660
1730.607 -1.701
1781.157 -1.743
1833.184 -1.785
1886.731 -1.826
1941.842 -1.868
1998.563 -1.909
2056.941 -1.951
2117.023 -1.993
2178.861 -2.034
2242.505 -2.076
2308.008 -2.117
2375.425 -2.159
2444.810 -2.200
2516.223 -2.242
2589.721 -2.283
2665.366 -2.325
2743.221 -2.367
2823.350 -2.408
2905.819 -2.450
2990.698 -2.491
3078.055 -2.533
3167.964 -2.574
3260.500 -2.616
3355.738 -2.657
3453.759 -2.699
3554.642 -2.741
3658.473 -2.782
3765.336 -2.824
3875.320 -2.865
3988.518 -2.907
4105.021 -2.948
4224.928 -2.990
4348.337 -3.031
4475.351 -3.073
4606.075 -3.114
4740.618 -3.156
4879.090 -3.197
5021.607 -3.239
5168.287 -3.281
5319.252 -3.322
5474.626 -3.364
5634.538 -3.405
5799.122 -3.447
5968.513 -3.488
6142.852 -3.530
6322.283 -3.571
6506.956 -3.613
6697.022 -3.654
6892.641 -3.696
7093.973 -3.737
7301.187 -3.779
7514.453 -3.821
7733.948 -3.862
7959.855 -3.904
8192.360 -3.945
8431.657 -3.987
8677.944 -4.028
8931.425 -4.070
9192.310 -4.111
9460.815 -4.153
9737.163 -4.194
10021.584 -4.236
10314.312 -4.277
10615.591 -4.319
10925.670 -4.361
11244.806 -4.402
11573.264 -4.444
11911.317 -4.485
12259.243 -4.527
12617.333 -4.568
12985.883 -4.610
13365.197 -4.651
13755.592 -4.693
14157.389 -4.734
14570.924 -4.776
14996.537 -4.817
15434.582 -4.859
15885.423 -4.901
16349.433 -4.942
16826.996 -4.984
17318.509 -5.025
17824.378 -5.067
18345.024 -5.108
18880.878 -5.150
19432.384 -5.191
20000.000 -5.233
