# REW house curve -- DRC-185 / 120.blue, B&W Nautilus 801
# Shape C: +4.0 dB low shelf (corner 55 Hz) with a broad
# -2.0 dB scoop centred 115 Hz. 0 dB reference at 200 Hz.
# Generated by housecurve.py. Load: EQ window -> House Curve.
10.000 3.992
10.292 3.991
10.593 3.990
10.902 3.989
11.221 3.988
11.548 3.986
11.886 3.985
12.233 3.983
12.590 3.981
12.958 3.979
13.336 3.977
13.726 3.974
14.127 3.971
14.540 3.968
14.964 3.965
15.401 3.961
15.851 3.957
16.314 3.952
16.791 3.947
17.281 3.941
17.786 3.935
18.306 3.927
18.840 3.920
19.391 3.911
19.957 3.901
20.540 3.891
21.140 3.879
21.757 3.866
22.393 3.852
23.047 3.836
23.720 3.819
24.413 3.800
25.126 3.779
25.860 3.756
26.615 3.731
27.393 3.703
28.193 3.673
29.016 3.640
29.864 3.604
30.736 3.565
31.634 3.522
32.558 3.476
33.509 3.426
34.488 3.371
35.495 3.313
36.532 3.249
37.599 3.182
38.698 3.109
39.828 3.031
40.991 2.948
42.189 2.860
43.421 2.766
44.689 2.667
45.995 2.563
47.338 2.453
48.721 2.337
50.144 2.216
51.609 2.090
53.116 1.958
54.668 1.821
56.264 1.679
57.908 1.532
59.599 1.380
61.340 1.224
63.132 1.064
64.976 0.900
66.874 0.732
68.827 0.562
70.838 0.389
72.907 0.215
75.037 0.040
77.228 -0.134
79.484 -0.307
81.806 -0.477
84.195 -0.642
86.655 -0.802
89.186 -0.955
91.791 -1.099
94.472 -1.233
97.232 -1.356
100.072 -1.465
102.995 -1.560
106.003 -1.640
109.100 -1.704
112.287 -1.751
115.566 -1.782
118.942 -1.796
122.416 -1.794
125.992 -1.777
129.672 -1.745
133.460 -1.699
137.358 -1.642
141.371 -1.574
145.500 -1.497
149.750 -1.413
154.124 -1.324
158.626 -1.231
163.259 -1.137
168.028 -1.042
172.936 -0.948
177.988 -0.857
183.187 -0.770
188.538 -0.686
194.045 -0.608
199.713 -0.535
205.546 -0.468
211.550 -0.408
217.730 -0.353
224.089 -0.304
230.635 -0.261
237.372 -0.223
244.305 -0.190
251.442 -0.162
258.786 -0.138
266.345 -0.118
274.125 -0.101
282.132 -0.087
290.373 -0.076
298.855 -0.067
307.584 -0.059
316.569 -0.053
325.816 -0.049
335.333 -0.045
345.128 -0.042
355.209 -0.040
365.584 -0.039
376.263 -0.037
387.254 -0.037
398.565 -0.036
410.207 -0.036
422.189 -0.035
434.521 -0.035
447.214 -0.035
460.277 -0.035
473.721 -0.035
487.558 -0.035
501.800 -0.035
516.457 -0.036
531.543 -0.036
547.069 -0.036
563.049 -0.036
579.496 -0.036
596.422 -0.036
613.844 -0.036
631.774 -0.036
650.228 -0.036
669.221 -0.036
688.769 -0.036
708.888 -0.036
729.594 -0.036
750.905 -0.036
772.839 -0.036
795.414 -0.036
818.647 -0.036
842.560 -0.036
867.171 -0.036
892.501 -0.036
918.571 -0.036
945.402 -0.036
973.017 -0.036
1001.438 -0.036
1030.690 -0.036
1060.796 -0.036
1091.782 -0.037
1123.673 -0.037
1156.495 -0.037
1190.276 -0.037
1225.044 -0.037
1260.827 -0.037
1297.655 -0.037
1335.560 -0.037
1374.571 -0.037
1414.722 -0.037
1456.046 -0.037
1498.576 -0.037
1542.349 -0.037
1587.401 -0.037
1633.769 -0.037
1681.491 -0.037
1730.607 -0.037
1781.157 -0.037
1833.184 -0.037
1886.731 -0.037
1941.842 -0.037
1998.563 -0.037
2056.941 -0.037
2117.023 -0.037
2178.861 -0.037
2242.505 -0.037
2308.008 -0.037
2375.425 -0.037
2444.810 -0.037
2516.223 -0.037
2589.721 -0.037
2665.366 -0.037
2743.221 -0.037
2823.350 -0.037
2905.819 -0.037
2990.698 -0.037
3078.055 -0.037
3167.964 -0.037
3260.500 -0.037
3355.738 -0.037
3453.759 -0.037
3554.642 -0.037
3658.473 -0.037
3765.336 -0.037
3875.320 -0.037
3988.518 -0.037
4105.021 -0.037
4224.928 -0.037
4348.337 -0.037
4475.351 -0.037
4606.075 -0.037
4740.618 -0.037
4879.090 -0.037
5021.607 -0.037
5168.287 -0.037
5319.252 -0.037
5474.626 -0.037
5634.538 -0.037
5799.122 -0.037
5968.513 -0.037
6142.852 -0.037
6322.283 -0.037
6506.956 -0.037
6697.022 -0.037
6892.641 -0.037
7093.973 -0.037
7301.187 -0.037
7514.453 -0.037
7733.948 -0.037
7959.855 -0.037
8192.360 -0.037
8431.657 -0.037
8677.944 -0.037
8931.425 -0.037
9192.310 -0.037
9460.815 -0.037
9737.163 -0.037
10021.584 -0.037
10314.312 -0.037
10615.591 -0.037
10925.670 -0.037
11244.806 -0.037
11573.264 -0.037
11911.317 -0.037
12259.243 -0.037
12617.333 -0.037
12985.883 -0.037
13365.197 -0.037
13755.592 -0.037
14157.389 -0.037
14570.924 -0.037
14996.537 -0.037
15434.582 -0.037
15885.423 -0.037
16349.433 -0.037
16826.996 -0.037
17318.509 -0.037
17824.378 -0.037
18345.024 -0.037
18880.878 -0.037
19432.384 -0.037
20000.000 -0.037
