# REW house curve -- DRC-120.blue, B&W Nautilus 801
# Harman / Olive in-room target shape: +4.0 dB low shelf
# (corner 120 Hz), flat mids, -1.0 dB/oct treble tilt above
# 1000 Hz. NO scoop. 0 dB reference at 200 Hz.
# The filter here is band-limited to ~225 Hz: this file delivers
# the bass shelf only; the tilt needs a separate high-shelf.
# Generated by housecurve.py. Load: EQ window -> House Curve.
10.000 3.999
10.292 3.999
10.593 3.999
10.902 3.998
11.221 3.998
11.548 3.998
11.886 3.998
12.233 3.998
12.590 3.997
12.958 3.997
13.336 3.997
13.726 3.997
14.127 3.996
14.540 3.996
14.964 3.995
15.401 3.995
15.851 3.994
16.314 3.994
16.791 3.993
17.281 3.993
17.786 3.992
18.306 3.991
18.840 3.990
19.391 3.989
19.957 3.988
20.540 3.987
21.140 3.986
21.757 3.984
22.393 3.983
23.047 3.981
23.720 3.979
24.413 3.977
25.126 3.974
25.860 3.972
26.615 3.969
27.393 3.966
28.193 3.962
29.016 3.959
29.864 3.955
30.736 3.950
31.634 3.945
32.558 3.940
33.509 3.934
34.488 3.927
35.495 3.920
36.532 3.912
37.599 3.903
38.698 3.894
39.828 3.883
40.991 3.872
42.189 3.859
43.421 3.846
44.689 3.831
45.995 3.814
47.338 3.796
48.721 3.777
50.144 3.755
51.609 3.732
53.116 3.707
54.668 3.679
56.264 3.649
57.908 3.617
59.599 3.582
61.340 3.544
63.132 3.503
64.976 3.458
66.874 3.410
68.827 3.359
70.838 3.304
72.907 3.245
75.037 3.182
77.228 3.115
79.484 3.044
81.806 2.969
84.195 2.889
86.655 2.806
89.186 2.718
91.791 2.627
94.472 2.531
97.232 2.432
100.072 2.330
102.995 2.225
106.003 2.118
109.100 2.008
112.287 1.896
115.566 1.784
118.942 1.671
122.416 1.557
125.992 1.444
129.672 1.332
133.460 1.221
137.358 1.112
141.371 1.005
145.500 0.901
149.750 0.800
154.124 0.703
158.626 0.609
163.259 0.519
168.028 0.433
172.936 0.351
177.988 0.273
183.187 0.199
188.538 0.130
194.045 0.064
199.713 0.003
205.546 -0.054
211.550 -0.108
217.730 -0.158
224.089 -0.204
230.635 -0.248
237.372 -0.287
244.305 -0.324
251.442 -0.358
258.786 -0.390
266.345 -0.419
274.125 -0.446
282.132 -0.470
290.373 -0.493
298.855 -0.513
307.584 -0.532
316.569 -0.549
325.816 -0.565
335.333 -0.580
345.128 -0.593
355.209 -0.605
365.584 -0.616
376.263 -0.626
387.254 -0.635
398.565 -0.644
410.207 -0.651
422.189 -0.658
434.521 -0.665
447.214 -0.671
460.277 -0.676
473.721 -0.681
487.558 -0.685
501.800 -0.689
516.457 -0.693
531.543 -0.696
547.069 -0.699
563.049 -0.702
579.496 -0.704
596.422 -0.706
613.844 -0.708
631.774 -0.710
650.228 -0.712
669.221 -0.713
688.769 -0.715
708.888 -0.716
729.594 -0.717
750.905 -0.718
772.839 -0.719
795.414 -0.720
818.647 -0.721
842.560 -0.722
867.171 -0.722
892.501 -0.723
918.571 -0.723
945.402 -0.724
973.017 -0.724
1001.438 -0.727
1030.690 -0.769
1060.796 -0.811
1091.782 -0.852
1123.673 -0.894
1156.495 -0.936
1190.276 -0.978
1225.044 -1.020
1260.827 -1.061
1297.655 -1.103
1335.560 -1.145
1374.571 -1.186
1414.722 -1.228
1456.046 -1.270
1498.576 -1.311
1542.349 -1.353
1587.401 -1.395
1633.769 -1.436
1681.491 -1.478
1730.607 -1.519
1781.157 -1.561
1833.184 -1.603
1886.731 -1.644
1941.842 -1.686
1998.563 -1.727
2056.941 -1.769
2117.023 -1.810
2178.861 -1.852
2242.505 -1.894
2308.008 -1.935
2375.425 -1.977
2444.810 -2.018
2516.223 -2.060
2589.721 -2.101
2665.366 -2.143
2743.221 -2.184
2823.350 -2.226
2905.819 -2.268
2990.698 -2.309
3078.055 -2.351
3167.964 -2.392
3260.500 -2.434
3355.738 -2.475
3453.759 -2.517
3554.642 -2.558
3658.473 -2.600
3765.336 -2.641
3875.320 -2.683
3988.518 -2.725
4105.021 -2.766
4224.928 -2.808
4348.337 -2.849
4475.351 -2.891
4606.075 -2.932
4740.618 -2.974
4879.090 -3.015
5021.607 -3.057
5168.287 -3.098
5319.252 -3.140
5474.626 -3.181
5634.538 -3.223
5799.122 -3.265
5968.513 -3.306
6142.852 -3.348
6322.283 -3.389
6506.956 -3.431
6697.022 -3.472
6892.641 -3.514
7093.973 -3.555
7301.187 -3.597
7514.453 -3.638
7733.948 -3.680
7959.855 -3.721
8192.360 -3.763
8431.657 -3.805
8677.944 -3.846
8931.425 -3.888
9192.310 -3.929
9460.815 -3.971
9737.163 -4.012
10021.584 -4.054
10314.312 -4.095
10615.591 -4.137
10925.670 -4.178
11244.806 -4.220
11573.264 -4.261
11911.317 -4.303
12259.243 -4.345
12617.333 -4.386
12985.883 -4.428
13365.197 -4.469
13755.592 -4.511
14157.389 -4.552
14570.924 -4.594
14996.537 -4.635
15434.582 -4.677
15885.423 -4.718
16349.433 -4.760
16826.996 -4.801
17318.509 -4.843
17824.378 -4.885
18345.024 -4.926
18880.878 -4.968
19432.384 -5.009
20000.000 -5.051
