# REW house curve -- DRC-185 / 120.blue, B&W Nautilus 801
# Shape C: +4.0 dB low shelf (corner 55 Hz) with a broad
# -3.0 dB scoop centred 115 Hz. 0 dB reference at 200 Hz.
# Generated by housecurve.py. Load: EQ window -> House Curve.
10.000 3.992
10.292 3.991
10.593 3.990
10.902 3.989
11.221 3.988
11.548 3.986
11.886 3.985
12.233 3.983
12.590 3.981
12.958 3.979
13.336 3.977
13.726 3.974
14.127 3.971
14.540 3.968
14.964 3.965
15.401 3.961
15.851 3.957
16.314 3.952
16.791 3.947
17.281 3.941
17.786 3.935
18.306 3.927
18.840 3.920
19.391 3.911
19.957 3.901
20.540 3.891
21.140 3.879
21.757 3.866
22.393 3.852
23.047 3.836
23.720 3.819
24.413 3.800
25.126 3.779
25.860 3.756
26.615 3.731
27.393 3.703
28.193 3.673
29.016 3.640
29.864 3.604
30.736 3.564
31.634 3.521
32.558 3.475
33.509 3.424
34.488 3.369
35.495 3.310
36.532 3.246
37.599 3.177
38.698 3.103
39.828 3.023
40.991 2.938
42.189 2.847
43.421 2.750
44.689 2.646
45.995 2.536
47.338 2.420
48.721 2.296
50.144 2.165
51.609 2.028
53.116 1.882
54.668 1.730
56.264 1.569
57.908 1.402
59.599 1.226
61.340 1.043
63.132 0.853
64.976 0.656
66.874 0.452
68.827 0.242
70.838 0.027
72.907 -0.192
75.037 -0.414
77.228 -0.638
79.484 -0.861
81.806 -1.082
84.195 -1.299
86.655 -1.510
89.186 -1.711
91.791 -1.902
94.472 -2.079
97.232 -2.241
100.072 -2.385
102.995 -2.509
106.003 -2.612
109.100 -2.692
112.287 -2.749
115.566 -2.782
118.942 -2.792
122.416 -2.778
125.992 -2.741
129.672 -2.684
133.460 -2.608
137.358 -2.514
141.371 -2.405
145.500 -2.284
149.750 -2.153
154.124 -2.014
158.626 -1.870
163.259 -1.725
168.028 -1.579
172.936 -1.435
177.988 -1.295
183.187 -1.161
188.538 -1.034
194.045 -0.914
199.713 -0.803
205.546 -0.701
211.550 -0.608
217.730 -0.525
224.089 -0.450
230.635 -0.384
237.372 -0.326
244.305 -0.276
251.442 -0.233
258.786 -0.197
266.345 -0.166
274.125 -0.140
282.132 -0.118
290.373 -0.100
298.855 -0.086
307.584 -0.074
316.569 -0.065
325.816 -0.058
335.333 -0.052
345.128 -0.048
355.209 -0.044
365.584 -0.042
376.263 -0.040
387.254 -0.038
398.565 -0.037
410.207 -0.037
422.189 -0.036
434.521 -0.036
447.214 -0.036
460.277 -0.036
473.721 -0.035
487.558 -0.035
501.800 -0.036
516.457 -0.036
531.543 -0.036
547.069 -0.036
563.049 -0.036
579.496 -0.036
596.422 -0.036
613.844 -0.036
631.774 -0.036
650.228 -0.036
669.221 -0.036
688.769 -0.036
708.888 -0.036
729.594 -0.036
750.905 -0.036
772.839 -0.036
795.414 -0.036
818.647 -0.036
842.560 -0.036
867.171 -0.036
892.501 -0.036
918.571 -0.036
945.402 -0.036
973.017 -0.036
1001.438 -0.036
1030.690 -0.036
1060.796 -0.036
1091.782 -0.037
1123.673 -0.037
1156.495 -0.037
1190.276 -0.037
1225.044 -0.037
1260.827 -0.037
1297.655 -0.037
1335.560 -0.037
1374.571 -0.037
1414.722 -0.037
1456.046 -0.037
1498.576 -0.037
1542.349 -0.037
1587.401 -0.037
1633.769 -0.037
1681.491 -0.037
1730.607 -0.037
1781.157 -0.037
1833.184 -0.037
1886.731 -0.037
1941.842 -0.037
1998.563 -0.037
2056.941 -0.037
2117.023 -0.037
2178.861 -0.037
2242.505 -0.037
2308.008 -0.037
2375.425 -0.037
2444.810 -0.037
2516.223 -0.037
2589.721 -0.037
2665.366 -0.037
2743.221 -0.037
2823.350 -0.037
2905.819 -0.037
2990.698 -0.037
3078.055 -0.037
3167.964 -0.037
3260.500 -0.037
3355.738 -0.037
3453.759 -0.037
3554.642 -0.037
3658.473 -0.037
3765.336 -0.037
3875.320 -0.037
3988.518 -0.037
4105.021 -0.037
4224.928 -0.037
4348.337 -0.037
4475.351 -0.037
4606.075 -0.037
4740.618 -0.037
4879.090 -0.037
5021.607 -0.037
5168.287 -0.037
5319.252 -0.037
5474.626 -0.037
5634.538 -0.037
5799.122 -0.037
5968.513 -0.037
6142.852 -0.037
6322.283 -0.037
6506.956 -0.037
6697.022 -0.037
6892.641 -0.037
7093.973 -0.037
7301.187 -0.037
7514.453 -0.037
7733.948 -0.037
7959.855 -0.037
8192.360 -0.037
8431.657 -0.037
8677.944 -0.037
8931.425 -0.037
9192.310 -0.037
9460.815 -0.037
9737.163 -0.037
10021.584 -0.037
10314.312 -0.037
10615.591 -0.037
10925.670 -0.037
11244.806 -0.037
11573.264 -0.037
11911.317 -0.037
12259.243 -0.037
12617.333 -0.037
12985.883 -0.037
13365.197 -0.037
13755.592 -0.037
14157.389 -0.037
14570.924 -0.037
14996.537 -0.037
15434.582 -0.037
15885.423 -0.037
16349.433 -0.037
16826.996 -0.037
17318.509 -0.037
17824.378 -0.037
18345.024 -0.037
18880.878 -0.037
19432.384 -0.037
20000.000 -0.037
